241,5
243,35
240,4
241,4
240,1
240,3
241,1
241,3
10,125
10,262
10,106
10,140
10,117
10,270
10,312
11,12
11,24
11,7
11,14
11,20
11,16
11,2
11,3
9,4
9,6
8,5
8,7
8,12
8,17
8,2
8,3
18,1
18,3
14,4
235,6
235,5
235,4
235,3
235,2
235,1
235,0
234,2
234,0
230,4
230,3
230,1
224,4
224,3
224,2
224,1
224,0
217,6
217,5
217,4
217,3
217,2
217,1
217,0
197,5
197,4
197,3
197,1
186,5
186,4
186,3
186,2
186,1
186,0
183,5
183,4
183,3
183,2
183,1
183,0
178,4
178,3
178,1
175,3
175,1
174,3
174,1
173,3
173,1
20,3
20,2
20,1
19,3
19,2
19,1
14,0
12,3
12,2
12,1
11,30
11,29
11,27
11,26
11,25
11,23
11,22
2,2
2,1
2,3
11,21
11,19
11,18
11,1
11,4
10,298
10,290
10,277
10,231
10,181
10,135
10,1
10,90
10,3
10,2
9,1
9,7
9,3
